metric = 

    "euclidean"


precision =

    0.9473


recall =

    0.8498


f1_score =

    0.8959


mean_error =

    0.1335


error_variance =

    0.0584


metric = 

    "quasi-euclidean"


precision =

    0.9489


recall =

    0.8487


f1_score =

    0.8960


mean_error =

    0.1337


error_variance =

    0.0584


metric = 

    "chessboard"


precision =

    0.9588


recall =

    0.8062


f1_score =

    0.8759


mean_error =

    0.2589


error_variance =

    0.2070


metric = 

    "cityblock"


precision =

    0.9516


recall =

    0.8256


f1_score =

    0.8841


mean_error =

    0.1358


error_variance =

    0.0600