metric = 

    "euclidean"


precision =

    0.5439


recall =

    0.8230


f1_score =

    0.6550


mean_error =

    0.7265


error_variance =

    0.4124


metric = 

    "quasi-euclidean"


precision =

    0.5443


recall =

    0.8230


f1_score =

    0.6552


mean_error =

    0.7267


error_variance =

    0.4122


metric = 

    "chessboard"


precision =

    0.5105


recall =

    0.8897


f1_score =

    0.6488


mean_error =

    1.1215


error_variance =

    1.7083


metric = 

    "cityblock"


precision =

    0.5490


recall =

    0.8088


f1_score =

    0.6541


mean_error =

    0.8081


error_variance =

    0.6416