metric = 

    "euclidean"


precision =

    0.6344


recall =

    0.9170


f1_score =

    0.7500


mean_error =

    0.1441


error_variance =

    0.3397


metric = 

    "quasi-euclidean"


precision =

    0.7135


recall =

    0.9170


f1_score =

    0.8026


mean_error =

    0.1446


error_variance =

    0.3590


metric = 

    "chessboard"


precision =

    0.9414


recall =

    0.8183


f1_score =

    0.8755


mean_error =

    0.2725


error_variance =

    0.2229


metric = 

    "cityblock"


precision =

    0.9253


recall =

    0.8461


f1_score =

    0.8840


mean_error =

    0.1331


error_variance =

    0.0529