metric = 

    "euclidean"


precision =

    0.4089


recall =

    0.7778


f1_score =

    0.5360


mean_error =

    0.7475


error_variance =

    0.8616


metric = 

    "quasi-euclidean"


precision =

    0.3895


recall =

    0.7778


f1_score =

    0.5191


mean_error =

    0.7467


error_variance =

    0.8540


metric = 

    "chessboard"


precision =

    0.4536


recall =

    0.7978


f1_score =

    0.5783


mean_error =

    1.2254


error_variance =

    1.7558


metric = 

    "cityblock"


precision =

    0.4041


recall =

    0.7379


f1_score =

    0.5222


mean_error =

    0.9090


error_variance =

    1.1879