metric = 

    "euclidean"


precision =

    0.8868


recall =

    0.9091


f1_score =

    0.8978


mean_error =

    0.1067


error_variance =

    0.0437


metric = 

    "quasi-euclidean"


precision =

    0.8935


recall =

    0.9081


f1_score =

    0.9008


mean_error =

    0.1076


error_variance =

    0.0439


metric = 

    "chessboard"


precision =

    0.9425


recall =

    0.8183


f1_score =

    0.8760


mean_error =

    0.2714


error_variance =

    0.2230


metric = 

    "cityblock"


precision =

    0.9285


recall =

    0.8456


f1_score =

    0.8851


mean_error =

    0.1263


error_variance =

    0.0514